/*--------------------------------*- C++ -*----------------------------------*\
  =========                 |
  \\      /  F ield         | OpenFOAM: The Open Source CFD Toolbox
   \\    /   O peration     | Website:  https://openfoam.org
    \\  /    A nd           | Version:  11
     \\/     M anipulation  |
\*---------------------------------------------------------------------------*/
FoamFile
{
    format      binary;
    class       faceSet;
    location    "constant/polyMesh/sets";
    object      nonOrthoFaces;
}
// * * * * * * * * * * * * * * * * * * * * * * * * * * * * * * * * * * * * * //


694
(
7340032 
7340036 
7340052 
7340074 
7340082 
7340092 
7340093 
7471272 
7471584 
7342787 
7344511 
7476402 
7346745 
7348263 
7348687 
7348968 
7348984 
7350404 
7481591 
7481674 
7351966 
7353136 
7355251 
7355431 
7486847 
7356198 
7356699 
7358257 
7359375 
7359682 
7360509 
7361238 
7364205 
7364309 
7364486 
7364848 
7234640 
7365878 
7235032 
7366120 
7366122 
7235080 
7235411 
7367372 
7629712 
7367830 
7236765 
7236837 
7367981 
7237039 
7237192 
7237276 
7368651 
7368653 
7237887 
7237980 
7238390 
7238643 
7238766 
7238767 
7238769 
7239253 
7239367 
7239534 
7239725 
7240075 
7240352 
7240609 
7371812 
7240950 
7240979 
7372074 
7241068 
7241246 
7241486 
7241928 
7373019 
7242247 
7242852 
7243351 
7374709 
7374847 
7244478 
7244924 
7244926 
7244927 
7769255 
7769267 
7769275 
7769306 
7769321 
7769392 
7769399 
7245130 
7769451 
7769646 
7245455 
7245456 
7245458 
7376599 
7770071 
7246059 
7246060 
7770635 
7246417 
7246498 
7246908 
7247246 
7378413 
7247562 
7247959 
7248028 
7379142 
7248113 
7248134 
7379263 
7379268 
7248207 
7379447 
7379449 
7379463 
7248792 
7248843 
7248914 
7249003 
7249004 
7249170 
7249192 
7249213 
7249386 
7250084 
7250131 
7250205 
7250406 
7250683 
7251091 
7252011 
7252049 
7253059 
7253289 
7253290 
7253358 
7253424 
7253426 
7253884 
7254078 
7254477 
7255496 
7255514 
7255515 
7255516 
7255536 
7255577 
7255579 
7255684 
7256335 
7256532 
7256534 
7256724 
7257152 
7257291 
7257453 
7257469 
7257512 
7257779 
7389295 
7258423 
7389510 
7389590 
7258702 
7258855 
7259056 
7259057 
7259058 
7259067 
7259179 
7259182 
7259330 
7259331 
7259474 
7259803 
7259826 
7259923 
7259983 
7259984 
7260115 
7260142 
7260143 
7260306 
7260377 
7260517 
7260542 
7260731 
7260808 
7260979 
7261099 
7261109 
7261629 
7261816 
7261893 
7262354 
7262496 
7262717 
7262833 
7262974 
7263163 
7263416 
7263554 
7263807 
7394921 
7264375 
7395470 
7264409 
7264411 
7264478 
7264498 
7264645 
7264736 
7264738 
7264749 
7264952 
7265253 
7265855 
7266098 
7266294 
7266390 
7266588 
7397704 
7266651 
7266669 
7266857 
7267244 
7267874 
7399778 
7399780 
7268756 
7268887 
7400010 
7400092 
7269147 
7269791 
7269825 
7269956 
7270208 
7270209 
7663650 
7270445 
7270701 
7270934 
7271027 
7271519 
7271559 
7271912 
7272034 
7272225 
7272387 
7272433 
7272758 
7272931 
7273901 
7405018 
7273957 
7273959 
7405245 
7405255 
7405342 
7274658 
7275084 
7276046 
7276223 
7276554 
7276570 
7276576 
7277086 
7277844 
7278035 
7278568 
7278757 
7278782 
7409860 
7278832 
7278842 
7279168 
7279197 
7279204 
7279211 
7410290 
7410292 
7279314 
7410523 
7279462 
7410667 
7279747 
7279916 
7280298 
7280822 
7281055 
7281125 
7281152 
7281566 
7282719 
7283472 
7283541 
7283738 
7283981 
7284182 
7284230 
7415382 
7284334 
7284398 
7415536 
7415537 
7415539 
7284642 
7284770 
7285028 
7285364 
7286032 
7286033 
7286272 
7286333 
7286566 
7286609 
7286665 
7286713 
7286748 
7286749 
7286750 
7286980 
7286981 
7286985 
7287137 
7287182 
7287422 
7287654 
7287718 
7288342 
7289019 
7289198 
7289200 
7289532 
7290159 
7290223 
7290618 
7290727 
7290817 
7290978 
7291162 
7291197 
7291215 
7291294 
7291319 
7291415 
7291495 
7291648 
7292134 
7292822 
7293496 
7293500 
7294086 
7294271 
7294406 
7425614 
7294703 
7294879 
7294882 
7295010 
7295454 
7295634 
7296182 
7296332 
7296575 
7296653 
7297046 
7297056 
7297241 
7297454 
7297536 
7297537 
7297581 
7297582 
7297947 
7298056 
7298139 
7298140 
7298141 
7298179 
7298289 
7298583 
7298710 
7298876 
7299226 
7299347 
7299521 
7299524 
7430648 
7299929 
7300301 
7300410 
7300487 
7300553 
7300626 
7300741 
7301085 
7301596 
7301686 
7301707 
7432980 
7302177 
7433510 
7302619 
7303305 
7303451 
7303792 
7697148 
7435741 
7304957 
7436080 
7305168 
7306014 
7306067 
7306235 
7306458 
7306616 
7306617 
7306661 
7307102 
7307103 
7307151 
7307209 
7307404 
7307982 
7308054 
7308165 
7308356 
7308421 
7308514 
7308515 
7308540 
7308749 
7308799 
7308809 
7308852 
7309037 
7309076 
7309819 
7440932 
7309988 
7441166 
7310113 
7310603 
7310912 
7310992 
7310993 
7310995 
7311009 
7442204 
7311354 
7311905 
7312081 
7312083 
7312950 
7312958 
7313002 
7313118 
7313120 
7313156 
7313433 
7313811 
7445296 
7314351 
7314530 
7315012 
7446173 
7446176 
7315372 
7446500 
7315479 
7315660 
7315770 
7316219 
7316403 
7316596 
7316598 
7316636 
7316649 
7316732 
7316733 
7316780 
9938398 
7317911 
7317921 
7317947 
7318015 
7318280 
7318323 
7318335 
7318365 
7318393 
7318405 
7318464 
7318486 
7318493 
7318531 
7318739 
7318911 
7319086 
7319154 
7319230 
7319309 
7319320 
7319484 
7319597 
7319670 
7319736 
7319941 
7319945 
7320030 
7320037 
7451200 
7451224 
7320170 
7320243 
7320258 
7451378 
7320396 
7320447 
7451582 
7320513 
7320528 
7320531 
7320610 
7320625 
7320669 
7320769 
7320901 
7320987 
7321160 
7321185 
7321200 
7321227 
7321302 
7321430 
7321767 
7322080 
7322429 
7322624 
7322662 
7323063 
7323084 
7323120 
7323220 
7323300 
7323364 
7323534 
7323701 
7323757 
7324231 
7324233 
7324710 
7324898 
7324920 
7325166 
7325740 
7325825 
7325929 
7325942 
7326220 
7326325 
7326522 
7326523 
7327529 
7327564 
7327594 
7327636 
7327667 
7327674 
7327771 
7327805 
7327861 
7327956 
7328100 
7328123 
7328179 
7328201 
7328285 
7328309 
7328334 
7328335 
7328401 
7328403 
7328406 
7328418 
7328476 
7328545 
7328578 
7328599 
7328623 
7328661 
7328681 
7328693 
7328751 
7328772 
7328898 
7328946 
7328979 
7329013 
7329020 
7329287 
7329386 
7329389 
7329456 
7329950 
7329980 
7330032 
7330041 
7330113 
7330175 
7330286 
7330570 
7330571 
7330574 
7330588 
7331169 
7331339 
7331496 
7331584 
7331589 
7331590 
7331786 
7331966 
7332002 
7332179 
7332295 
7332407 
7332413 
7332415 
7332423 
7332540 
7332561 
7332655 
7332656 
7332835 
7332875 
7333023 
7333064 
7333097 
7333115 
7333177 
7333261 
7333459 
7333475 
7333549 
7333681 
7334877 
7334914 
7335070 
7466516 
7336042 
7336188 
7336310 
7336531 
7336593 
7336594 
7336775 
7336782 
7336794 
7336809 
7336829 
7336866 
7336919 
7336921 
7336973 
7336984 
7336995 
7337653 
7337950 
7338091 
7338092 
7338111 
7338211 
7338319 
7338360 
7339166 
7339210 
7339229 
7339505 
7339546 
7339631 
7339750 
7339944 
7340000 
7340018 
7340019 
)

// ************************************************************************* //
