/*--------------------------------*- C++ -*----------------------------------*\
  =========                 |
  \\      /  F ield         | OpenFOAM: The Open Source CFD Toolbox
   \\    /   O peration     | Website:  https://openfoam.org
    \\  /    A nd           | Version:  11
     \\/     M anipulation  |
\*---------------------------------------------------------------------------*/
FoamFile
{
    format      binary;
    class       faceSet;
    location    "constant/polyMesh/sets";
    object      skewFaces;
}
// * * * * * * * * * * * * * * * * * * * * * * * * * * * * * * * * * * * * * //


2332
(
7340123 
7471275 
7471283 
7471287 
7471295 
7471307 
7471311 
7471315 
7471326 
7471330 
7471354 
7471358 
7471366 
7471374 
7471382 
7471386 
7471399 
7340332 
7471408 
7471412 
7471420 
7471425 
7471434 
7471453 
7471458 
7471466 
7471476 
7471488 
7471492 
7340422 
7471496 
7471503 
7471509 
7471521 
7471526 
7471531 
7471535 
7471540 
7471549 
7471556 
7471577 
7471589 
7471595 
7471601 
7340530 
7471607 
7471613 
7471630 
7471635 
7471657 
7471672 
7471687 
7471708 
7471723 
7471742 
7471753 
7471759 
7471765 
7340699 
7471794 
7471800 
7340741 
7471823 
7471827 
7471840 
7471846 
7471850 
7471855 
7471873 
7340811 
7471884 
7471895 
7471902 
7471906 
7340836 
7471919 
7471923 
7471928 
7471932 
7471947 
7340987 
7341571 
7341621 
7341630 
7341775 
7341989 
7342108 
7342198 
7342495 
7342497 
7342511 
7342518 
7342544 
7342561 
7342598 
7342625 
7342655 
7342659 
7342702 
7342705 
7342711 
7342721 
7342826 
7342942 
7343017 
7343565 
7343915 
7344064 
7344104 
7344140 
7344211 
7344235 
7344257 
7344321 
7344327 
7344400 
7344412 
7344449 
7344454 
7344468 
7344470 
7344472 
7344483 
7344500 
7344503 
7344521 
7344528 
7344537 
7344548 
7344566 
7344572 
7344573 
7344577 
7344592 
7344594 
7344596 
7344613 
7344615 
7344622 
7344628 
7344637 
7344639 
7344647 
7344655 
7344657 
7344661 
7344662 
7344673 
7344681 
7344716 
7345149 
7345385 
7345414 
7345491 
7345558 
7345616 
7345639 
7345678 
7345693 
7345797 
7345802 
7346040 
7346068 
7346210 
7346233 
7346247 
7346388 
7346406 
7346611 
7346915 
7347062 
7347710 
7347763 
7347807 
7347847 
7347870 
7347882 
7347984 
7348336 
7348438 
7348583 
7348626 
7348659 
7348679 
7348681 
7348695 
7348859 
7348902 
7348947 
7349206 
7349347 
7349413 
7349495 
7349552 
7349577 
7349661 
7349719 
7349790 
7349825 
7349864 
7349878 
7350049 
7350193 
7350241 
7350245 
7350393 
7350403 
7350457 
7481594 
7481611 
7481616 
7481624 
7481628 
7481632 
7481639 
7481643 
7481650 
7481657 
7481661 
7481673 
7481683 
7481687 
7481703 
7481707 
7350636 
7481711 
7350643 
7481718 
7481722 
7481726 
7350656 
7481730 
7481735 
7350664 
7481740 
7481744 
7481749 
7481761 
7481770 
7481774 
7481778 
7481782 
7481793 
7481802 
7481806 
7481810 
7481815 
7481826 
7481831 
7481836 
7481846 
7481851 
7481873 
7481895 
7481901 
7481911 
7481923 
7481964 
7481990 
7481995 
7482001 
7482012 
7482018 
7350948 
7482054 
7482076 
7482081 
7482095 
7482100 
7482118 
7482142 
7482148 
7482155 
7482182 
7351112 
7482195 
7351150 
7482238 
7351963 
7351992 
7352024 
7352087 
7352179 
7352257 
7352297 
7352521 
7352547 
7352581 
7352643 
7352662 
7352712 
7352714 
7352745 
7352751 
7352763 
7352909 
7352945 
7353026 
7353029 
7353031 
7353040 
7353042 
7353070 
7353173 
7353229 
7353290 
7353348 
7353429 
7353691 
7353902 
7353916 
7353921 
7353926 
7353951 
7353977 
7354046 
7354048 
7354065 
7354201 
7354265 
7354348 
7354464 
7354511 
7354571 
7354654 
7354668 
7354862 
7354908 
7354967 
7355059 
7355170 
7355254 
7355281 
7355362 
7355419 
7355424 
7355444 
7355528 
7355627 
7355714 
7355734 
7355764 
7355812 
7355816 
7355828 
7355853 
7355878 
7355886 
7355903 
7355970 
7355998 
7356029 
7356087 
7356089 
7356138 
7356149 
7356167 
7356291 
7356304 
7356328 
7356332 
7356345 
7356362 
7356398 
7356402 
7356427 
7356471 
7356502 
7356532 
7356580 
7356645 
7356663 
7356721 
7356822 
7356830 
7356840 
7356932 
7356950 
7357322 
7357482 
7357583 
7357592 
7357737 
7358068 
7358113 
7358156 
7358159 
7358200 
7358212 
7358214 
7358272 
7358332 
7358554 
7358575 
7358618 
7358628 
7358641 
7358646 
7358658 
7358684 
7358700 
7358730 
7358742 
7358762 
7358794 
7358837 
7358844 
7358859 
7358893 
7358898 
7358934 
7358961 
7359023 
7359047 
7359071 
7359073 
7359107 
7359114 
7359126 
7359146 
7359158 
7359173 
7359199 
7359204 
7359239 
7359292 
7359345 
7359380 
7359419 
7359473 
7359477 
7359478 
7359494 
7359592 
7359621 
7359722 
7359803 
7359864 
7360292 
7360339 
7361008 
7361069 
7361252 
7361297 
7361696 
7361873 
7361950 
7361959 
7362011 
7362153 
7362339 
7363707 
7364127 
7364317 
7364404 
7364453 
7364564 
7364575 
7364597 
7364715 
7364736 
7364746 
7364888 
7365071 
7365085 
7365140 
7234148 
7365252 
7365361 
7234295 
7234324 
7496539 
7496547 
7496551 
7496555 
7496559 
7496571 
7496590 
7496594 
7496606 
7496610 
7496618 
7496622 
7496630 
7496634 
7496650 
7496665 
7496670 
7496683 
7496706 
7496715 
7496722 
7496726 
7496730 
7496735 
7496740 
7496753 
7496763 
7496790 
7365718 
7496808 
7496818 
7496829 
7496834 
7496841 
7496847 
7496852 
7365806 
7496883 
7234741 
7496888 
7496906 
7496919 
7496948 
7496980 
7497002 
7234903 
7234953 
7497101 
7497107 
7497113 
7234972 
7497119 
7234977 
7497133 
7497137 
7497143 
7497149 
7497156 
7235031 
7497198 
7235077 
7366174 
7366281 
7366345 
7235393 
7235452 
7235569 
7366691 
7235800 
7235822 
7366909 
7235876 
7235902 
7235975 
7236025 
7236083 
7367239 
7367243 
7236171 
7367273 
7367303 
7367310 
7367319 
7367373 
7367383 
7236326 
7367419 
7236366 
7236380 
7367467 
7367469 
7367490 
7367503 
7367617 
7367684 
7367693 
7236632 
7367715 
7367787 
7236823 
7236834 
7236952 
7236960 
7237007 
7237036 
7237042 
7237275 
7237458 
7237623 
7237683 
7368770 
7237885 
7237958 
7237983 
7237987 
7369095 
7238151 
7238235 
7369442 
7238569 
7369725 
7369757 
7369828 
7369832 
7369964 
7239061 
7370304 
7239251 
7239365 
7239380 
7239505 
7239532 
7239537 
7239585 
7239624 
7239657 
7239724 
7371143 
7240073 
7240133 
7371220 
7240154 
7240288 
7371442 
7240385 
7371468 
7371506 
7371536 
7240551 
7240606 
7240629 
7371785 
7371803 
7240768 
7371945 
7240938 
7240954 
7240977 
7241069 
7372155 
7372235 
7372243 
7372248 
7241195 
7241221 
7241243 
7372333 
7372345 
7372363 
7372410 
7241351 
7372461 
7372485 
7372541 
7241484 
7241518 
7372594 
7372602 
7372633 
7241588 
7372730 
7372791 
7372801 
7372807 
7241736 
7241785 
7372886 
7372941 
7372988 
7241925 
7372999 
7373022 
7373118 
7373161 
7373177 
7373194 
7242144 
7373308 
7373312 
7242245 
7373332 
7373340 
7373392 
7242325 
7373442 
7373447 
7373455 
7373544 
7242491 
7373574 
7242534 
7373630 
7373681 
7242681 
7242705 
7373783 
7373808 
7373816 
7373831 
7373908 
7373917 
7373924 
7373929 
7374040 
7374077 
7374098 
7374125 
7374127 
7374155 
7374164 
7374172 
7374175 
7374198 
7374225 
7374240 
7374265 
7374275 
7374282 
7374297 
7374341 
7374347 
7243321 
7374408 
7243350 
7374434 
7374450 
7374509 
7243508 
7374607 
7374611 
7374643 
7243593 
7374672 
7374716 
7243677 
7374750 
7374759 
7374765 
7374794 
7374806 
7374824 
7374926 
7374983 
7374985 
7243984 
7244476 
7244519 
7244538 
7244584 
7506734 
7506746 
7244605 
7506754 
7506766 
7506770 
7506774 
7506785 
7506813 
7506817 
7506825 
7506833 
7506841 
7506845 
7506858 
7506867 
7506871 
7506884 
7244748 
7506893 
7506912 
7506925 
7506955 
7506968 
7506980 
7506990 
7506994 
7506999 
7507008 
7507015 
7507036 
7507043 
7507049 
7507055 
7507067 
7507084 
7507089 
7507126 
7507138 
7507159 
7507193 
7507210 
7507216 
7507240 
7507246 
7245107 
7507292 
7507301 
7507319 
7507330 
7507341 
7507348 
7507352 
7769506 
7507365 
7507369 
7507374 
7507378 
7507393 
7245490 
7245638 
7245660 
7245720 
7245956 
7246235 
7246263 
7246496 
7246574 
7246670 
7246748 
7246820 
7246851 
7246906 
7247048 
7247096 
7247155 
7247245 
7247456 
7247477 
7247630 
7247761 
7247882 
7247886 
7247957 
7247993 
7248111 
7248205 
7248220 
7248431 
7248494 
7248501 
7248585 
7248674 
7248913 
7249064 
7249105 
7249109 
7249139 
7249168 
7249212 
7249541 
7249629 
7249796 
7249839 
7250123 
7250133 
7250158 
7250405 
7250514 
7250682 
7250776 
7251024 
7251225 
7251313 
7251325 
7251511 
7251610 
7251918 
7251920 
7251977 
7252073 
7252169 
7252308 
7252475 
7252696 
7253192 
7253483 
7253525 
7253582 
7253621 
7253883 
7253925 
7254408 
7254421 
7254476 
7254516 
7254704 
7254799 
7516962 
7516984 
7516992 
7516996 
7517007 
7517011 
7517018 
7517025 
7517029 
7517051 
7517055 
7517071 
7517075 
7517086 
7517090 
7517094 
7517098 
7517108 
7517112 
7517117 
7517129 
7517138 
7517142 
7517146 
7255002 
7517150 
7517161 
7517170 
7517174 
7517178 
7517183 
7517204 
7517214 
7517219 
7517241 
7517263 
7517279 
7517291 
7517355 
7517360 
7517366 
7517377 
7517383 
7517417 
7517444 
7517458 
7517463 
7517476 
7255350 
7517500 
7517540 
7517553 
7517596 
7255495 
7255504 
7255522 
7255535 
7255682 
7255806 
7255845 
7256105 
7256239 
7256334 
7256498 
7256512 
7256703 
7256722 
7257151 
7257375 
7257435 
7257824 
7257963 
7257986 
7389139 
7389143 
7389147 
7389151 
7389155 
7389159 
7389163 
7389171 
7389175 
7389179 
7389194 
7389198 
7389206 
7389210 
7389214 
7389218 
7389222 
7389226 
7389230 
7389234 
7389238 
7389254 
7389258 
7389265 
7389269 
7389274 
7389280 
7389287 
7389302 
7389306 
7389310 
7389314 
7389318 
7389323 
7389330 
7389334 
7389338 
7389343 
7389348 
7389352 
7389356 
7389361 
7389367 
7389371 
7389376 
7389398 
7389404 
7389416 
7389426 
7389437 
7389442 
7389449 
7389455 
7389460 
7389466 
7389475 
7389491 
7389496 
7389507 
7389521 
7389528 
7389534 
7389540 
7389546 
7389563 
7389574 
7389609 
7389626 
7389631 
7389644 
7389656 
7389667 
7389673 
7389684 
7389691 
7389696 
7389701 
7389711 
7389716 
7389730 
7389736 
7389742 
7389748 
7389753 
7389766 
7389770 
7389776 
7389782 
7389789 
7258719 
7389815 
7389822 
7389831 
7258853 
7259002 
7259066 
7259132 
7259211 
7259280 
7259307 
7259342 
7259696 
7259825 
7259835 
7259838 
7259855 
7260025 
7260080 
7260105 
7260304 
7260375 
7260514 
7260729 
7260807 
7260864 
7260955 
7260978 
7261108 
7261632 
7261815 
7261863 
7262162 
7262515 
7262694 
7262897 
7263142 
7263502 
7263700 
7263858 
7263953 
7264229 
7264410 
7264577 
7264644 
7264950 
7265254 
7265803 
7266369 
7266716 
7266848 
7266856 
7266942 
7267148 
7267620 
7267795 
7267847 
7268237 
7268351 
7399590 
7399594 
7399598 
7399602 
7399606 
7399610 
7399614 
7268542 
7399626 
7399630 
7399634 
7399641 
7399645 
7399649 
7399653 
7399673 
7399677 
7399685 
7399689 
7399693 
7399701 
7399705 
7399718 
7399727 
7399731 
7399739 
7399744 
7399753 
7399760 
7399765 
7399772 
7399777 
7399783 
7399791 
7399796 
7399801 
7399807 
7399813 
7268744 
7399817 
7399821 
7399828 
7399834 
7399846 
7399851 
7399856 
7399860 
7399865 
7399874 
7399881 
7399885 
7268818 
7268825 
7399902 
7399908 
7399914 
7399920 
7399926 
7399932 
7268864 
7399938 
7399950 
7399955 
7399960 
7399967 
7399982 
7399997 
7400014 
7400035 
7400050 
7400062 
7400069 
7400080 
7400086 
7400099 
7400110 
7400121 
7400127 
7400133 
7400149 
7400156 
7400160 
7400173 
7400179 
7400183 
7400188 
7400213 
7400224 
7400230 
7400235 
7400242 
7400246 
7269186 
7400259 
7400263 
7400268 
7400272 
7269201 
7400277 
7400282 
7400287 
7531820 
7531828 
7531840 
7531852 
7531871 
7531875 
7531907 
7531911 
7531927 
7269790 
7531942 
7531947 
7531960 
7269823 
7531979 
7531988 
7531995 
7531999 
7532008 
7532013 
7532063 
7532103 
7532115 
7532121 
7269993 
7532163 
7532181 
7532194 
7532223 
7532253 
7532386 
7532392 
7532404 
7532408 
7532414 
7532469 
7270335 
7270447 
7270486 
7270519 
7270531 
7270630 
7270698 
7271025 
7271125 
7271624 
7271722 
7271774 
7271797 
7271987 
7272120 
7272128 
7272223 
7272636 
7272743 
7273573 
7273981 
7274026 
7274514 
7274589 
7274766 
7274946 
7274963 
7275724 
7275918 
7276038 
7276043 
7276220 
7276647 
7276744 
7276889 
7277043 
7277085 
7277351 
7277405 
7277560 
7277710 
7277875 
7277881 
7278033 
7278187 
7278288 
7278468 
7278510 
7278645 
7278733 
7278831 
7278841 
7410069 
7410073 
7410077 
7410082 
7410090 
7410095 
7410099 
7410103 
7410107 
7410111 
7410118 
7410122 
7410129 
7410136 
7410140 
7410144 
7410148 
7410152 
7410156 
7410162 
7410166 
7279098 
7410182 
7410186 
7279116 
7410190 
7410197 
7410201 
7410205 
7410209 
7410214 
7279144 
7410219 
7410223 
7410228 
7410240 
7410249 
7410253 
7410257 
7410261 
7410266 
7279195 
7410272 
7279201 
7410281 
7410285 
7410289 
7410295 
7279223 
7410300 
7410311 
7410316 
7410321 
7279249 
7410325 
7410331 
7410336 
7410343 
7410358 
7410368 
7410380 
7279311 
7410386 
7410396 
7410403 
7410408 
7410414 
7410419 
7410426 
7410430 
7410475 
7410480 
7410486 
7410497 
7410503 
7410518 
7410527 
7279461 
7410542 
7410553 
7410559 
7279487 
7410564 
7410576 
7410590 
7279521 
7410595 
7410601 
7410608 
7410613 
7410618 
7410636 
7410642 
7410649 
7410657 
7410683 
7410696 
7410702 
7410707 
7410712 
7410718 
7410739 
7410756 
7410760 
7279748 
7541908 
7541928 
7541959 
7541983 
7541995 
7542003 
7542011 
7279875 
7542028 
7542037 
7542041 
7542054 
7542063 
7542095 
7542126 
7542151 
7542161 
7542165 
7542170 
7542179 
7542186 
7542207 
7280069 
7542214 
7542220 
7542238 
7542255 
7542260 
7280147 
7542296 
7280167 
7542329 
7542380 
7542414 
7542460 
7542469 
7542498 
7542520 
7280390 
7542537 
7542542 
7542546 
7542561 
7280504 
7280653 
7281014 
7281032 
7281053 
7281588 
7281818 
7281947 
7282029 
7282198 
7282718 
7283288 
7283471 
7283506 
7283538 
7283570 
7283648 
7283895 
7283979 
7284232 
7284336 
7284584 
7284641 
7284818 
7285047 
7285361 
7285367 
7285584 
7285649 
7285815 
7285897 
7286235 
7286266 
7286271 
7286351 
7286563 
7286607 
7286702 
7286821 
7286889 
7286914 
7286984 
7287006 
7287136 
7287266 
7287647 
7287652 
7287715 
7287886 
7287929 
7288016 
7288199 
7288315 
7288375 
7288768 
7289083 
7289765 
7552077 
7552096 
7552103 
7552110 
7552114 
7552132 
7552156 
7552167 
7552179 
7552189 
7552198 
7552210 
7552219 
7552227 
7552231 
7552264 
7552286 
7552296 
7552301 
7290168 
7552323 
7552345 
7552361 
7552435 
7552457 
7552463 
7552497 
7552524 
7552538 
7290412 
7552632 
7290527 
7552675 
7290716 
7290725 
7291006 
7291013 
7291064 
7291161 
7291227 
7291241 
7291406 
7291645 
7291796 
7292715 
7292732 
7292821 
7293492 
7293704 
7293803 
7293912 
7294017 
7294085 
7425183 
7425187 
7425195 
7425199 
7425203 
7425207 
7425219 
7425223 
7425238 
7425242 
7425254 
7425258 
7425262 
7425266 
7425270 
7425274 
7425278 
7425282 
7425298 
7425302 
7294236 
7425309 
7425313 
7425318 
7425324 
7425331 
7425346 
7425350 
7425354 
7425358 
7425362 
7425367 
7425374 
7425378 
7425382 
7425387 
7425392 
7425400 
7425405 
7425411 
7294341 
7425415 
7425420 
7425442 
7425448 
7425460 
7425470 
7294404 
7425481 
7425486 
7425493 
7425499 
7425504 
7425510 
7425519 
7425535 
7425540 
7425560 
7425567 
7425573 
7425585 
7425602 
7425613 
7425644 
7425661 
7425666 
7294603 
7425679 
7425691 
7425702 
7425708 
7425719 
7425731 
7425736 
7425746 
7425751 
7425765 
7425771 
7425777 
7425783 
7425788 
7425801 
7425805 
7425811 
7425817 
7425824 
7294775 
7425850 
7425857 
7425866 
7295342 
7295423 
7295636 
7296231 
7296366 
7296438 
7296603 
7296643 
7296652 
7296735 
7296742 
7296890 
7296971 
7297072 
7297167 
7297303 
7297390 
7297455 
7297460 
7297474 
7297480 
7297715 
7297987 
7298279 
7298580 
7298582 
7298606 
7298711 
7298733 
7298737 
7298827 
7298873 
7298891 
7298911 
7299170 
7299402 
7299519 
7299523 
7299665 
7299809 
7299913 
7299950 
7300008 
7300070 
7300298 
7300409 
7300486 
7300770 
7300788 
7300796 
7300921 
7301116 
7301177 
7301199 
7301254 
7301347 
7301595 
7301846 
7302174 
7302697 
7303111 
7303304 
7303450 
7303659 
7304147 
7304161 
7304213 
7304323 
7435553 
7435557 
7435561 
7435565 
7435569 
7435573 
7435577 
7435589 
7435593 
7435597 
7435604 
7435608 
7435612 
7435616 
7435636 
7435640 
7435648 
7435652 
7435656 
7304591 
7435664 
7435668 
7435681 
7435690 
7435694 
7435702 
7435707 
7435716 
7435728 
7435735 
7435746 
7566821 
7435754 
7435759 
7566833 
7435764 
7304698 
7435776 
7435780 
7435784 
7435791 
7435797 
7435809 
7435814 
7435819 
7435823 
7566900 
7435828 
7435837 
7435844 
7566920 
7435848 
7566935 
7435865 
7566940 
7435871 
7435877 
7435883 
7435889 
7435895 
7435901 
7435913 
7566988 
7435918 
7435923 
7567001 
7435930 
7567006 
7435945 
7435960 
7435977 
7435998 
7436013 
7436025 
7304955 
7567103 
7436032 
7567109 
7436043 
7436049 
7436057 
7436068 
7567146 
7436085 
7436091 
7436107 
7436114 
7436118 
7436131 
7436137 
7436141 
7436146 
7305088 
7436166 
7436177 
7436188 
7436195 
7436199 
7436212 
7436216 
7436221 
7436225 
7436230 
7436235 
7436240 
7305195 
7567369 
7567375 
7567391 
7567397 
7305396 
7305402 
7305473 
7305650 
7306010 
7306257 
7306558 
7306615 
7306624 
7306664 
7306685 
7306736 
7306926 
7306951 
7307150 
7307207 
7307252 
7307271 
7307294 
7307466 
7307917 
7308315 
7308359 
7308559 
7308720 
7308920 
7308924 
7308951 
7308993 
7309291 
7309375 
7309520 
7309545 
7309603 
7309737 
7309751 
7309818 
7309970 
7309986 
7310052 
7310110 
7310192 
7310247 
7310361 
7310369 
7310652 
7310730 
7310851 
7310910 
7311066 
7311102 
7311198 
7311265 
7311442 
7311990 
7312013 
7312287 
7312343 
7312528 
7312957 
7312980 
7313160 
7313219 
7313323 
7313364 
7313432 
7313513 
7313519 
7313800 
7313810 
7313965 
7314224 
7314240 
7314514 
7576786 
7314654 
7314668 
7576861 
7576873 
7576915 
7576919 
7576941 
7576973 
7576999 
7445955 
7445959 
7577034 
7445963 
7445968 
7577043 
7445976 
7445981 
7445989 
7445993 
7445997 
7446004 
7446008 
7446015 
7446022 
7446026 
7446030 
7446034 
7446038 
7446048 
7446052 
7577133 
7446068 
7446072 
7446076 
7446083 
7446087 
7446091 
7446095 
7446100 
7446105 
7446109 
7446114 
7446126 
7446135 
7446139 
7446143 
7446147 
7446152 
7446158 
7446167 
7446171 
7446181 
7446186 
7315121 
7446197 
7446202 
7577279 
7446207 
7446211 
7446217 
7446222 
7446229 
7446244 
7446254 
7577334 
7446266 
7446272 
7446282 
7446289 
7446294 
7446300 
7446305 
7446316 
7315260 
7446361 
7446366 
7446372 
7446383 
7446389 
7446404 
7446428 
7446439 
7446445 
7446450 
7446457 
7315387 
7446471 
7446476 
7446489 
7446494 
7446499 
7446517 
7446523 
7446530 
7446538 
7446559 
7446572 
7446578 
7446588 
7446594 
7446615 
7446632 
7446636 
7315610 
7315658 
7315769 
7315780 
7315807 
7315812 
7315816 
7315829 
7316018 
7316169 
7316236 
7316239 
7316402 
7316473 
7316506 
7316594 
7316611 
7316648 
7316668 
7316682 
7316728 
7316804 
7316832 
7316862 
7316957 
7317021 
7317186 
7317402 
7317415 
7317500 
7317699 
7317920 
7318017 
7318078 
7318143 
7318189 
7318213 
7318249 
7318320 
7318322 
7318334 
7318421 
7318440 
7318475 
7318485 
7318492 
7318910 
7319013 
7319085 
7319152 
7319229 
7319388 
7319640 
7319655 
7319770 
7319782 
7319944 
7320036 
7320042 
7320119 
7320242 
7320245 
7320284 
7320338 
7320360 
7320432 
7320442 
7320446 
7320511 
7320583 
7320615 
7320623 
7320679 
7320764 
7320768 
7320782 
7320876 
7320907 
7320985 
7321025 
7321039 
7321048 
7321073 
7321083 
7321159 
7321198 
7321222 
7321572 
7321880 
7322213 
7322236 
7322270 
7322354 
7322521 
7322563 
7322808 
7322940 
7323535 
7323592 
7323756 
7323796 
7323847 
7323908 
7324061 
7324099 
7324473 
7586929 
7586952 
7586971 
7586992 
7324853 
7587054 
7587064 
7587113 
7587265 
7587292 
7587306 
7325163 
7325218 
7587395 
7325446 
7325490 
7325513 
7325639 
7325742 
7325822 
7325855 
7325887 
7325940 
7326000 
7326204 
7326324 
7326446 
7326450 
7326698 
7326881 
7327036 
7327053 
7327082 
7327306 
7327402 
7327635 
7327676 
7327695 
7327717 
7327726 
7327728 
7327766 
7327770 
7327844 
7327848 
7328019 
7328099 
7328122 
7328178 
7328245 
7328255 
7328278 
7328291 
7328368 
7328470 
7328490 
7328500 
7328528 
7328586 
7328609 
7328622 
7328628 
7328660 
7328684 
7328713 
7328750 
7328758 
7328802 
7328882 
7328914 
7328956 
7328978 
7329142 
7329236 
7329380 
7329404 
7329422 
7329631 
7329675 
7329795 
7329823 
7329863 
7329882 
7329897 
7460987 
7460991 
7460999 
7461003 
7461007 
7461011 
7461023 
7461027 
7329968 
7461042 
7461046 
7329983 
7461058 
7461062 
7461066 
7461070 
7461074 
7461078 
7461082 
7461086 
7461102 
7461106 
7461117 
7461122 
7461128 
7461135 
7461146 
7461150 
7461158 
7461167 
7461174 
7461178 
7461182 
7461187 
7461192 
7461200 
7461205 
7461211 
7461215 
7461220 
7461242 
7461260 
7461270 
7461281 
7461286 
7330218 
7461293 
7461299 
7461304 
7461319 
7461335 
7461340 
7461358 
7461365 
7461371 
7461400 
7461437 
7461454 
7461459 
7461472 
7461484 
7461495 
7461501 
7461512 
7461524 
7330466 
7461539 
7461544 
7461558 
7461564 
7461570 
7461576 
7461595 
7461599 
7461605 
7461611 
7461618 
7330562 
7330584 
7461660 
7330637 
7330673 
7330717 
7331136 
7331524 
7331630 
7331642 
7331824 
7331920 
7331943 
7331965 
7332119 
7332288 
7332294 
7332368 
7332409 
7332422 
7332659 
7332989 
7333022 
7333179 
7333260 
7333669 
7333704 
7333727 
7333950 
7334253 
7334310 
7334384 
7334548 
7334590 
7334624 
7334630 
7334660 
7334786 
7334857 
7334876 
7335466 
7335880 
7335908 
7335984 
7336615 
7336641 
7336692 
7336714 
7336793 
7336846 
7336857 
7336865 
7336920 
7336968 
7336972 
7336982 
7336993 
7337295 
7337314 
7337334 
7337418 
7337955 
7337981 
7338296 
7338304 
7338427 
7338958 
7339161 
7339438 
7601591 
7339512 
7339768 
7602046 
)

// ************************************************************************* //
